58
91204	96411	50229
78663	93688	17881
33454	70277	18836
55679	11789	77268
34931	7789	53834
4780	99195	78415
44353	56512	49979
74436	87764	42858
24944	33381	49984
94903	19077	60289
66568	91239	29326
79599	86243	77499
59187	61968	74343
67631	11251	37829
31689	49528	98611
8956	28730	85720
6251	3082	32404
83680	70438	51563
5084	12464	51163
30223	31068	68039
34128	61261	54081
63646	81260	87831
87209	3300	76110
99447	47394	40828
95596	23550	1947
19476	36901	412
68168	3147	23498
42560	45346	70728
28449	95494	71556
56192	67250	79005
38395	80541	25956
87840	44577	56704
46723	58365	57844
55029	17448	34041
18441	97688	19732
8012	7984	28806
56011	62109	97201
4041	77764	4634
81394	50540	98733
80930	15801	16157
47926	32402	49632
5524	98268	15021
28600	77383	94685
87281	62399	22776
16321	1051	52342
85043	98317	91239
14996	31445	19741
87780	67811	20426
64263	63199	45788
53622	82606	57807
4070	16246	26602
99733	30129	32519
97773	88133	71060
94783	43411	79187
92603	72783	50116
79596	99987	53550
29895	17663	93237
95355	27311	33651